252,510
253,509
254,508
255,507
255,506
255,505
255,504
256,504
257,503
257,502
258,502
259,501
260,500
260,499
261,498
262,497
263,496
264,496
265,495
266,494
267,493
268,492
268,491
269,490
270,489
271,488
271,487
272,486
273,485
274,484
275,483
275,482
276,481
277,480
277,479
278,478
279,477
280,476
281,475
281,474
282,473
282,472
283,471
283,470
284,469
285,468
286,467
286,466
287,465
287,464
288,463
288,462
288,461
288,460
288,459
289,458
289,457
289,456
290,455
291,454
291,453
291,452
292,451
292,450
293,449
294,448
294,447
295,446
296,445
296,444
297,443
297,442
297,441
297,440
297,439
296,438
296,437
296,436
296,435
296,434
296,433
296,432
297,431
297,430
297,429
297,428
298,427
298,426
298,425
299,424
299,423
299,422
299,421
299,420
299,419
300,418
300,417
300,416
300,415
299,414
299,413
299,412
299,411
299,410
298,409
297,409
297,408
297,407
297,406
297,405
297,404
297,403
297,402
297,401
296,400
296,399
296,398
296,397
296,396
296,395
296,394
297,393
297,392
297,391
297,390
297,389
298,388
297,387
297,386
297,385
297,384
297,383
297,382
298,382
299,381
299,380
299,379
300,378
300,377
301,376
301,375
301,374
301,373
302,372
303,371
304,370
304,369
305,368
305,367
306,366
307,365
307,364
307,363
308,363
309,362
309,361
310,360
311,359
311,358
312,357
312,356
312,355
313,354
313,353
314,352
315,351
315,350
315,349
316,348
316,347
317,346
318,345
318,344
317,343
316,344
317,343
316,342
316,341
315,340
316,339
315,338
314,337
313,336
312,337
311,337
311,336
311,335
310,334
309,334
309,333
308,332
307,331
306,330
305,330
305,329
304,328
303,327
303,326
302,325
301,324
300,323
299,322
299,321
298,320
299,320
300,320
301,319
301,318
302,317
303,316
304,315
305,315
306,316
307,316
308,316
309,316
310,316
311,316
312,316
313,315
314,315
315,314
314,313
315,312
316,311
317,310
318,309
319,309
320,308
321,307
322,306
323,305
324,305
325,305
326,305
327,305
328,304
328,303
329,302
330,301
331,301
332,301
333,301
334,301
335,301
336,301
337,300
338,299
339,299
340,299
341,298
342,298
343,298
344,298
345,298
346,298
347,298
348,298
349,298
350,298
351,297
352,297
353,298
354,298
355,298
356,298
357,298
358,298
359,298
360,298
361,298
362,298
363,298
364,298
365,298
366,297
367,297
368,297
369,297
370,296
371,296
372,297
373,297
374,297
375,297
376,297
377,297
378,297
379,297
380,296
381,296
382,295
383,296
384,296
385,296
386,296
387,296
388,296
389,295
390,294
391,293
392,293
393,292
394,292
395,292
396,291
397,291
398,291
399,290
400,290
401,289
402,289
403,288
404,288
405,288
406,287
407,287
408,286
408,285
409,285
410,284
411,284
412,283
413,283
414,282
415,282
416,281
417,281
418,280
419,280
420,280
421,279
422,278
423,278
424,278
425,278
426,277
427,277
428,277
429,277
430,277
431,277
432,276
433,276
434,276
435,276
436,276
437,276
438,276
439,276
440,276
441,276
442,276
443,277
444,277
445,278
446,278
447,279
448,279
449,280
450,280
451,281
452,282
453,282
454,283
455,283
456,284
457,284
458,284
459,285
460,286
461,287
462,287
463,288
463,289
464,290
465,290
466,291
467,292
468,293
469,294
469,295
469,296
470,297
471,298
472,299
472,300
472,301
473,302
474,303
475,302
476,303
477,304
478,305
479,305
480,305
481,305
482,305
483,305
484,305
485,305
486,305
487,305
488,305
489,304
490,304
491,304
492,304
493,304
494,304
495,303
496,303
497,303
498,304
499,304
500,303
501,303
502,303
503,303
504,303
505,303
506,303
507,303
508,303
509,303
510,303
511,304
512,304
513,304
514,305
515,305
516,305
517,306
518,307
519,307
520,308
521,309
522,310
523,310
523,311
524,312
525,312
526,313
527,314
528,315
528,316
528,317
528,318
529,319
529,320
529,321
529,322
529,323
530,324
530,325
530,326
529,327
529,328
529,329
530,330
530,331
530,332
530,333
530,334
531,335
531,336
532,337
532,338
532,339
532,340
533,341
533,342
533,343
533,344
534,345
534,346
535,347
536,348
536,349
536,350
537,351
538,351
539,352
540,353
540,354
540,355
540,356
539,357
538,358
538,359
538,360
537,361
536,362
535,363
534,364
534,365
533,366
533,367
532,368
531,369
531,370
530,371
529,372
529,373
528,374
527,375
527,376
526,377
526,378
525,379
524,380
524,381
523,382
522,383
522,384
521,385
520,386
520,387
520,388
520,389
520,390
520,391
520,392
520,393
520,394
520,395
520,396
520,397
520,398
520,399
520,400
520,401
520,402
520,403
520,404
520,405
520,406
520,407
520,408
521,409
521,410
521,411
521,412
522,413
522,414
522,415
523,416
524,417
524,418
525,419
526,419
527,420
528,420
529,419
530,418
531,418
532,417
533,416
533,415
534,414
534,413
535,412
536,412
537,411
537,410
538,409
539,408
540,408
541,408
542,407
543,407
544,406
544,407
545,408
546,407
547,406
548,407
549,407
550,406
551,406
552,406
553,406
554,406
555,406
556,406
557,406
558,405
559,406
560,406
561,405
562,405
563,404
564,404
565,403
566,403
567,403
568,403
569,404
569,405
569,406
570,407
571,406
572,406
573,407
574,407
575,407
576,407
577,407
578,406
579,405
580,405
581,404
582,404
583,404
584,404
585,403
586,404
587,404
588,404
588,405
589,406
590,406
591,406
592,406
593,407
594,407
595,408
596,408
597,409
598,410
599,410
600,411
600,412
600,413
600,414
599,415
599,416
599,417
598,418
597,419
597,420
596,421
596,422
595,423
594,424
594,425
593,426
593,427
593,428
592,429
592,430
591,431
590,432
589,433
588,434
587,435
587,436
586,437
586,438
585,439
585,440
585,441
584,442
584,443
583,444
582,445
582,446
581,446
580,447
580,448
579,449
578,450
577,451
576,452
576,453
575,454
574,455
573,456
572,457
571,458
571,459
570,460
570,461
569,462
569,463
568,464
567,464
566,465
566,466
566,467
565,468
564,469
563,470
562,471
561,471
560,472
560,473
559,474
558,475
557,476
557,477
557,478
557,479
556,480
556,481
556,482
557,483
557,484
557,485
557,486
557,487
557,488
558,489
559,490
559,491
559,492
559,493
560,494
561,495
560,496
559,497
558,498
557,499
557,500
556,501
557,502
556,502
555,502
554,502
553,503
553,504
552,505
551,506
551,507
552,508
553,508
554,508
554,509
555,510
556,511
557,511
558,512
559,512
560,512
561,513
561,514
562,515
562,516
562,517
561,518
561,519
561,520
561,521
560,522
559,523
559,524
559,525
558,526
558,527
557,528
557,529
556,530
555,530
554,531
554,532
553,533
552,533
551,533
550,534
549,535
548,535
547,535
546,536
545,537
544,538
543,539
542,540
541,541
540,542
539,543
539,544
538,545
537,546
536,547
535,548
534,549
533,550
532,551
531,552
531,553
530,554
529,555
528,556
527,557
526,558
525,559
525,560
524,561
523,562
522,563
521,563
520,563
519,564
518,565
517,565
516,565
515,566
514,566
513,567
512,567
511,568
510,568
509,568
508,568
507,569
506,569
505,569
504,569
503,569
502,569
501,569
500,569
499,569
498,569
497,569
496,569
495,569
494,570
493,570
492,569
491,569
490,570
489,570
488,570
487,570
486,570
485,570
484,571
483,571
482,571
481,571
480,570
479,571
478,571
477,571
476,571
475,571
474,571
473,571
472,571
471,571
470,570
469,569
468,569
467,570
466,570
465,569
464,569
463,569
462,568
461,568
460,569
459,570
458,570
457,570
456,571
455,572
455,573
455,574
454,575
453,576
453,577
453,578
452,579
452,580
451,581
451,582
451,583
451,584
452,585
452,586
452,587
452,588
452,589
452,590
452,591
452,592
452,593
452,594
452,595
452,596
452,597
452,598
451,599
451,600
450,601
449,602
448,602
447,602
446,602
445,602
444,601
443,601
442,600
441,599
440,598
439,598
439,597
438,596
437,596
437,595
436,594
435,594
434,593
433,593
432,592
431,592
430,591
429,590
428,589
427,588
426,588
425,587
424,587
424,586
424,585
423,584
423,583
423,582
423,581
423,580
424,579
423,578
424,577
424,576
424,575
425,574
425,573
425,572
425,571
425,570
425,569
425,568
425,567
425,566
426,565
426,564
425,563
425,562
425,561
425,560
425,559
424,558
424,557
423,556
422,556
422,555
421,554
420,555
420,556
419,557
418,558
418,559
418,560
417,561
417,562
417,563
416,564
416,565
415,566
415,567
414,568
414,569
414,570
413,571
412,572
411,572
410,572
409,573
408,573
407,574
406,574
405,573
404,572
403,572
402,572
401,572
400,571
399,571
398,570
397,570
396,570
395,569
394,568
393,567
392,567
391,567
390,566
389,566
388,566
387,565
386,565
385,565
384,564
383,564
382,563
381,562
380,562
379,561
378,561
377,561
376,561
375,561
374,560
373,560
372,560
371,559
370,559
369,558
368,558
367,557
366,557
365,557
364,557
363,557
362,556
361,556
360,556
359,556
358,557
357,557
356,558
355,558
354,558
353,559
352,559
351,559
350,559
349,560
348,560
347,561
346,561
345,562
344,562
343,563
342,564
341,565
340,565
339,566
338,566
337,567
336,568
335,569
334,570
334,571
333,572
332,572
331,573
330,574
329,575
328,576
327,577
326,576
325,576
324,577
323,578
322,579
321,579
320,580
319,580
318,580
317,581
316,581
315,582
314,583
313,583
312,584
311,584
310,585
309,585
308,586
307,586
307,585
307,584
307,583
307,582
306,581
306,580
306,579
306,578
306,577
306,576
306,575
306,574
306,573
306,572
306,571
306,570
306,569
306,568
306,567
306,566
305,565
304,564
303,563
302,562
301,561
300,561
299,561
298,560
297,560
297,559
296,558
295,558
295,557
295,556
294,555
293,554
292,553
291,552
290,551
289,550
288,549
287,548
286,547
285,546
284,545
283,544
282,543
282,542
281,541
280,541
279,540
278,539
277,538
276,537
275,536
274,535
273,534
273,533
272,532
272,531
271,530
270,529
269,528
268,527
267,526
266,525
265,525
264,524
263,523
262,522
261,522
260,522
259,521
258,521
258,520
257,519
256,518
255,517
254,516
253,515
252,514
253,513
253,512
253,511
252,510
