240,461
241,460
241,459
241,458
242,457
242,456
243,455
244,454
244,453
245,452
246,451
246,450
247,449
248,448
248,447
249,446
250,445
251,444
252,443
252,442
252,441
252,440
253,439
253,438
254,437
254,436
255,435
256,434
256,433
255,432
256,432
257,431
258,430
259,429
259,428
260,427
261,426
262,425
263,425
264,424
264,423
265,422
266,421
266,420
267,419
267,418
267,417
268,416
268,415
269,414
269,413
269,412
270,411
270,410
271,409
272,408
272,407
273,406
274,405
275,404
275,403
276,402
277,401
278,400
279,399
279,398
280,397
280,396
280,395
281,394
282,394
283,393
284,392
285,392
286,391
287,390
287,389
288,388
288,387
289,387
290,386
290,385
291,384
292,384
293,383
294,383
295,382
296,382
297,381
298,380
299,379
300,378
300,377
301,377
302,376
303,375
303,374
304,373
304,372
303,371
302,370
302,369
301,368
302,367
302,366
302,365
302,364
302,363
303,362
303,361
302,360
302,359
302,358
303,357
303,356
302,355
302,354
302,353
302,352
302,351
301,350
301,349
302,349
303,349
304,349
305,348
306,348
307,348
308,348
309,348
310,348
311,348
312,347
313,347
314,347
315,347
316,346
317,346
318,345
319,345
320,344
321,343
321,342
322,341
323,340
324,339
325,338
326,337
327,336
328,335
329,334
329,333
330,332
330,331
331,330
331,329
331,328
330,327
329,327
328,326
327,326
326,326
325,326
324,326
324,325
325,324
325,323
325,322
324,321
324,320
325,319
325,318
325,317
325,316
325,315
326,315
327,315
328,315
329,315
330,315
331,315
332,314
333,313
334,312
335,312
336,312
337,311
338,311
339,310
340,309
341,308
342,308
343,308
344,308
345,307
346,306
347,305
348,304
349,303
349,302
350,301
351,300
352,299
353,298
353,297
354,296
355,296
356,295
357,294
357,293
358,293
359,292
360,292
361,292
362,291
363,291
364,291
365,290
366,289
367,288
368,288
369,288
370,288
371,288
372,288
373,288
374,287
375,288
376,288
377,287
378,288
379,288
380,288
381,288
382,288
383,289
384,288
385,289
386,289
387,289
388,289
389,289
390,289
391,289
392,290
392,291
393,292
394,292
395,292
396,292
397,293
398,293
399,293
400,294
401,295
402,296
403,296
404,296
405,296
406,295
407,295
408,295
409,295
410,295
411,294
412,294
413,295
414,294
415,293
416,293
417,292
418,292
419,292
420,291
421,291
422,290
423,290
424,290
425,290
426,290
427,291
427,292
428,293
428,294
429,295
429,296
429,297
429,298
429,299
429,300
430,301
430,302
430,303
430,304
431,305
432,305
433,304
434,304
434,305
435,306
436,306
437,305
438,305
439,304
440,304
441,303
442,303
443,303
444,302
445,302
446,301
447,301
448,300
449,300
450,300
451,300
452,300
453,300
453,301
454,302
454,303
454,304
454,305
454,306
454,307
455,308
456,307
455,308
455,309
454,310
454,311
454,312
453,313
452,314
451,315
451,316
451,317
450,317
449,318
448,319
449,320
449,321
448,322
449,323
450,324
451,324
452,324
453,325
454,326
455,327
455,328
455,329
455,330
455,331
456,332
457,331
458,331
459,331
460,331
461,331
462,331
463,331
464,331
465,331
465,332
465,333
466,334
467,334
468,334
469,334
470,334
471,334
472,334
473,335
474,335
475,335
476,335
477,335
478,335
479,335
480,336
481,336
480,337
481,338
482,338
483,338
483,339
483,340
483,341
484,342
485,342
484,343
484,344
485,345
486,345
487,346
487,347
486,348
486,349
486,350
487,351
488,352
489,353
490,354
491,354
492,355
493,356
494,357
495,358
496,358
497,357
498,357
499,357
499,358
500,359
501,360
502,360
503,361
503,362
503,363
503,364
504,365
505,365
506,365
507,365
507,366
508,367
509,367
510,368
511,368
512,368
513,368
514,369
515,370
516,371
517,372
518,372
519,372
520,372
521,372
522,372
523,372
524,372
525,372
526,372
527,372
528,373
529,374
530,374
531,375
532,376
533,376
534,377
535,378
535,379
536,380
537,381
537,382
538,383
538,384
539,385
539,386
540,387
540,388
541,389
542,390
542,391
542,392
543,393
544,394
544,395
545,396
545,397
545,398
546,399
547,400
547,401
548,402
549,403
550,404
550,405
550,406
550,407
550,408
550,409
551,410
551,411
551,412
551,413
551,414
551,415
551,416
551,417
552,418
552,419
553,420
553,421
553,422
552,423
553,424
554,425
554,426
554,427
554,428
555,429
555,430
555,431
555,432
554,433
554,434
554,435
554,436
553,437
553,438
552,439
552,440
551,441
551,442
550,443
550,444
549,445
549,446
548,447
548,448
548,449
547,450
547,451
547,452
546,453
546,454
546,455
545,456
544,457
543,458
543,459
542,460
541,461
541,462
540,463
540,464
539,465
539,466
538,467
537,468
537,469
536,470
536,471
535,472
535,473
534,474
534,475
533,476
533,477
532,478
531,479
531,480
530,481
530,482
529,481
528,480
527,480
526,481
526,482
526,483
525,484
525,485
525,486
525,487
524,488
524,489
524,490
523,491
522,491
521,491
521,490
521,489
520,488
520,487
520,486
519,485
519,484
519,483
518,482
518,481
518,480
517,479
517,478
517,477
516,476
516,475
515,474
514,475
513,475
512,476
511,476
510,477
509,478
508,478
507,479
506,480
505,480
504,481
503,482
502,482
501,483
500,483
499,484
498,485
497,486
497,487
496,488
496,489
495,490
495,491
494,492
494,493
494,494
494,495
494,496
494,497
494,498
494,499
494,500
494,501
494,502
494,503
494,504
494,505
494,506
494,507
494,508
494,509
494,510
494,511
494,512
494,513
494,514
495,515
495,516
494,516
493,517
493,518
493,519
493,520
493,521
492,521
491,522
490,522
489,523
489,524
488,525
488,526
487,527
487,528
486,528
485,528
484,529
484,530
484,531
483,531
482,532
481,532
480,532
479,533
478,534
477,534
476,534
475,535
474,535
473,535
472,535
471,535
470,536
469,537
468,537
467,538
466,538
465,538
464,538
463,538
462,538
461,539
461,540
461,541
460,541
459,541
458,541
457,541
456,541
455,542
454,543
453,544
452,544
451,545
450,546
449,546
448,546
447,547
446,547
445,547
444,547
443,547
442,547
441,547
440,548
439,548
438,548
437,549
436,550
435,551
435,552
434,552
433,553
432,553
431,553
430,553
429,553
428,554
427,554
426,554
425,554
424,554
423,554
422,554
421,554
420,554
419,554
418,554
417,554
416,554
415,554
414,554
413,554
412,554
411,555
411,556
410,556
409,556
408,556
407,555
406,555
405,555
404,555
403,555
402,555
401,555
400,554
399,553
398,552
397,551
396,550
395,549
394,549
393,549
392,549
391,548
390,549
389,549
388,549
387,549
386,549
385,549
384,549
383,549
382,549
381,549
380,549
379,549
378,549
377,549
376,549
375,549
374,549
373,549
372,549
371,549
370,548
369,549
368,549
367,549
366,549
365,548
364,548
363,548
362,548
361,548
360,548
359,547
358,547
357,547
356,547
355,547
354,547
353,547
352,547
351,547
350,547
349,546
348,546
347,546
346,545
345,544
344,543
343,542
342,541
341,541
340,540
339,540
338,539
337,538
337,537
336,536
336,535
336,534
335,533
334,533
333,532
332,532
331,532
330,532
329,531
328,531
327,531
326,531
325,531
324,531
323,531
322,531
321,531
320,531
319,531
318,532
317,532
316,532
315,533
314,533
313,533
312,533
311,533
310,533
309,533
308,533
307,533
306,534
305,534
304,535
303,535
302,535
301,536
300,536
299,537
298,537
297,536
296,536
295,536
294,536
293,537
292,537
291,537
290,537
289,536
288,536
287,536
286,535
285,535
284,534
283,534
282,534
281,533
280,533
279,533
278,533
277,532
276,532
275,532
274,531
273,530
272,529
271,530
270,529
269,528
268,527
267,527
266,526
266,525
266,524
266,523
265,522
265,521
265,520
264,519
265,518
265,517
266,516
266,515
265,514
265,513
266,512
266,511
266,510
266,509
266,508
267,507
267,506
267,505
267,504
267,503
267,502
267,501
267,500
267,499
268,498
268,497
269,496
269,495
268,494
267,493
266,492
266,491
266,490
265,489
264,489
264,488
264,487
263,486
262,485
261,485
260,485
259,484
258,484
257,483
256,482
255,482
254,481
253,480
252,479
251,479
251,478
250,477
249,477
248,476
247,475
247,474
247,473
246,472
245,471
244,470
243,469
242,468
241,467
240,466
240,465
240,464
240,463
240,462
240,461
