224,412
225,411
225,410
225,409
225,408
225,407
226,406
227,406
228,405
228,404
229,404
230,403
230,402
231,402
232,402
233,401
233,400
234,399
235,399
236,398
237,399
238,398
239,398
240,398
241,397
242,397
243,396
243,395
244,395
245,395
246,394
247,394
248,393
249,393
250,392
251,392
252,392
253,391
254,391
255,390
256,389
256,388
255,387
255,386
255,385
255,384
255,383
255,382
255,381
255,380
256,379
257,378
258,377
258,376
258,375
259,374
259,373
259,372
259,371
259,370
259,369
260,369
261,369
262,368
263,367
264,367
265,367
266,367
267,368
268,369
269,369
270,369
271,368
272,368
273,367
274,367
275,366
276,366
277,365
278,365
279,364
280,364
281,364
282,364
283,363
284,362
284,361
285,361
286,360
286,359
287,358
286,357
286,356
286,355
285,354
284,354
284,353
284,352
283,351
282,350
281,349
280,348
279,347
278,347
278,346
277,345
276,344
275,343
274,343
274,342
273,341
272,340
271,339
270,338
269,337
268,336
268,335
267,334
266,333
265,332
264,331
264,330
263,329
263,328
263,327
263,326
263,325
262,324
261,323
261,322
261,321
261,320
261,319
260,318
259,317
259,316
260,315
261,314
261,313
262,312
262,311
263,311
264,311
265,310
266,310
267,310
268,311
269,311
270,311
271,311
272,311
273,311
274,311
275,311
276,311
277,310
278,310
279,310
280,310
281,310
282,310
283,310
284,310
285,310
286,309
287,309
288,309
289,308
290,307
291,307
292,306
293,305
294,305
295,304
296,303
297,302
298,301
299,301
300,301
301,301
302,301
303,300
302,299
303,298
304,297
305,296
306,296
307,295
308,295
309,294
310,293
311,293
312,293
313,292
314,292
315,292
316,291
317,291
318,291
319,291
320,290
321,290
322,289
322,288
323,288
324,287
325,287
326,286
327,286
328,285
329,284
330,283
331,283
332,282
333,283
334,283
335,283
336,282
337,281
338,280
339,280
340,281
341,281
342,282
343,281
344,281
345,281
346,282
347,282
348,282
349,282
350,282
351,283
352,283
353,283
354,284
355,285
356,285
357,286
358,286
358,287
359,288
360,288
360,289
361,290
362,291
363,291
364,292
365,293
366,293
367,293
368,293
369,293
370,293
370,294
371,295
372,295
373,296
374,296
375,296
376,296
377,296
378,296
379,296
380,296
381,296
382,296
383,295
384,296
385,295
386,296
387,296
388,296
389,295
389,294
390,293
391,292
391,291
392,290
393,291
394,291
395,290
396,291
397,291
398,291
399,291
400,292
400,293
401,294
402,295
403,296
404,297
405,297
406,297
407,297
408,297
409,297
410,296
411,296
412,296
413,296
414,295
415,295
416,295
417,295
418,295
419,294
420,294
421,294
422,294
423,294
424,294
425,293
426,292
427,293
428,293
429,292
430,292
431,291
432,291
433,290
434,289
435,289
436,289
437,289
438,289
439,289
440,290
441,290
442,289
443,289
444,289
445,288
446,287
447,287
448,286
449,286
450,285
451,285
452,284
453,283
454,283
455,282
456,282
457,281
458,280
459,280
460,280
461,279
462,279
463,278
464,277
465,277
466,276
467,276
468,276
469,275
470,275
471,274
472,274
473,273
474,273
475,273
476,273
477,274
478,274
479,274
480,274
481,275
482,275
483,275
484,275
485,276
486,277
487,277
488,278
489,279
490,280
491,280
492,281
493,282
494,283
495,283
496,284
497,285
498,286
499,286
500,287
501,288
502,288
503,288
504,289
505,289
506,290
507,290
508,291
509,291
510,292
511,293
511,294
512,295
513,296
514,297
515,297
516,298
517,299
518,300
519,301
520,302
521,302
522,302
522,303
522,304
523,305
524,306
525,306
526,307
527,308
528,308
529,309
530,310
531,311
532,312
532,313
533,314
534,315
535,316
536,316
537,315
538,315
539,315
540,316
541,317
542,317
543,318
544,318
545,317
546,317
547,317
548,318
549,317
550,317
551,318
552,319
552,320
553,321
554,322
555,322
555,323
555,324
556,325
557,326
557,327
558,328
559,329
560,330
561,331
562,332
563,333
564,334
565,335
566,336
567,337
567,338
567,339
568,340
569,341
570,342
571,343
572,344
572,345
573,346
574,347
575,348
576,349
577,350
578,351
579,351
580,352
581,352
582,353
583,354
584,355
584,356
585,357
585,358
586,359
586,360
587,361
587,362
587,363
587,364
586,365
586,366
585,367
585,368
585,369
585,370
584,371
584,372
583,373
582,374
581,375
580,376
579,377
578,378
578,379
577,379
576,380
575,381
575,382
574,383
574,384
573,384
572,385
571,385
570,386
570,387
569,388
568,388
567,389
566,390
565,391
565,392
566,393
565,394
564,395
565,396
565,397
566,398
566,399
566,400
566,401
566,402
566,403
566,404
566,405
566,406
566,407
566,408
566,409
566,410
566,411
566,412
566,413
566,414
566,415
566,416
566,417
566,418
566,419
566,420
565,421
565,422
564,423
563,424
563,425
564,426
564,427
564,428
565,429
565,430
566,431
566,432
566,433
567,434
568,435
569,435
570,436
571,436
572,436
573,437
574,437
575,438
575,439
575,440
575,441
575,442
575,443
575,444
575,445
574,446
573,447
572,448
572,449
572,450
571,451
571,452
570,453
569,454
568,455
567,456
567,457
566,458
566,459
565,460
565,461
564,462
564,463
563,464
563,465
563,466
562,467
562,468
563,469
563,470
563,471
564,472
564,473
564,474
564,475
564,476
564,477
564,478
564,479
564,480
564,481
564,482
564,483
564,484
564,485
563,486
564,487
564,488
563,489
562,490
561,491
561,492
560,493
560,494
559,495
558,496
557,497
556,498
555,499
555,500
554,501
553,502
552,503
552,504
551,505
551,506
550,507
549,508
549,509
548,510
548,511
547,512
547,513
546,514
545,515
545,516
544,517
544,518
544,519
543,520
542,520
541,521
540,522
539,522
538,523
537,524
537,525
536,526
535,527
534,527
533,528
532,529
531,529
530,530
529,531
528,532
527,533
527,534
528,535
529,536
530,536
530,537
529,538
528,539
528,540
527,540
526,539
525,539
524,539
523,539
522,539
521,539
520,538
519,538
518,538
517,539
516,540
515,541
514,541
513,541
512,541
512,540
511,539
510,538
509,537
508,537
507,537
506,538
505,539
504,540
503,541
502,541
501,542
500,543
499,544
498,545
497,545
496,546
495,547
494,548
493,549
492,550
491,550
490,551
489,552
488,553
487,554
486,555
485,555
484,556
483,557
482,558
482,559
481,559
480,560
479,560
478,561
478,562
477,563
477,564
476,565
476,566
475,567
475,568
474,568
473,567
472,568
471,569
471,570
470,571
470,572
469,573
469,574
468,574
467,574
466,575
465,576
464,577
463,578
462,579
461,579
460,578
459,577
458,577
457,578
456,579
455,579
454,579
453,579
452,579
451,580
451,581
451,582
450,583
450,584
449,585
449,586
448,586
447,586
446,586
445,586
444,586
443,586
442,585
441,586
440,585
439,585
438,585
437,584
436,584
435,584
434,584
433,584
432,585
431,585
430,585
429,585
428,584
427,584
426,584
425,585
425,586
424,586
423,586
422,586
421,586
420,586
419,587
419,588
418,588
417,587
416,587
415,586
414,586
413,585
413,584
413,583
412,582
411,581
410,580
409,579
408,579
407,579
406,578
405,578
404,577
403,577
402,576
401,576
400,575
399,575
398,574
397,574
396,574
395,573
394,572
393,571
392,570
391,569
390,569
389,569
388,568
387,568
386,567
385,566
384,565
383,565
382,564
381,564
380,563
379,563
378,562
377,562
376,561
375,561
374,560
373,560
373,559
373,558
372,557
371,557
370,557
369,557
368,557
367,557
366,557
365,557
364,557
363,557
362,557
361,557
360,556
359,556
358,556
357,556
356,556
355,555
354,555
353,555
352,554
352,553
351,552
350,551
349,551
348,550
347,550
346,549
345,549
344,550
343,550
342,550
341,550
340,550
339,550
338,550
337,549
336,549
335,548
334,548
333,547
332,546
331,545
330,545
329,544
328,543
327,543
326,543
325,543
324,543
323,542
322,541
321,540
320,540
319,540
318,539
317,539
316,538
315,538
314,537
313,537
312,536
311,536
310,535
309,535
308,534
307,534
306,533
305,533
304,532
303,532
302,531
301,531
300,530
299,529
298,529
297,528
296,528
295,527
294,527
293,526
292,525
291,525
290,524
289,523
288,522
287,522
286,521
285,520
284,519
283,518
282,518
281,517
280,517
279,517
278,518
277,518
276,518
275,518
274,519
273,519
272,519
271,519
270,518
269,517
269,516
268,515
267,514
266,514
265,514
265,513
264,512
264,511
263,510
263,509
263,508
263,507
262,506
262,505
262,504
261,503
261,502
261,501
260,500
260,499
260,498
259,497
259,496
258,495
258,494
258,493
257,492
258,491
258,490
258,489
259,488
259,487
259,486
260,485
259,484
259,483
260,482
261,481
261,480
261,479
262,480
263,479
264,478
263,477
263,476
264,475
265,474
266,474
267,473
268,472
268,471
268,470
268,469
268,468
268,467
269,466
270,465
270,464
271,464
272,463
272,462
272,461
272,460
271,459
270,458
269,458
268,458
267,458
266,458
265,458
264,458
263,458
262,458
261,457
260,457
259,457
258,457
257,457
256,456
255,456
255,455
254,454
253,454
252,454
251,454
250,454
249,454
248,454
247,455
246,454
245,454
244,454
243,454
242,454
241,454
240,453
239,453
238,454
237,454
236,454
236,453
235,452
234,451
234,450
233,449
233,448
232,447
231,446
230,445
229,444
228,443
227,442
226,442
225,441
224,440
224,439
224,438
224,437
224,436
224,435
225,434
225,433
225,432
225,431
225,430
225,429
225,428
225,427
224,426
224,425
224,424
224,423
224,422
224,421
224,420
224,419
224,418
224,417
224,416
224,415
224,414
224,413
224,412
