274,298
275,297
276,298
277,297
277,296
278,296
279,296
280,296
281,296
282,295
283,295
284,295
285,295
286,295
287,295
288,294
289,294
290,294
291,294
292,294
293,294
294,294
295,295
296,295
297,295
298,295
299,295
300,295
301,295
302,294
303,295
304,295
305,295
306,296
307,297
308,297
309,297
310,297
311,297
312,297
313,297
314,297
315,297
316,297
317,298
318,298
319,298
320,298
321,298
322,298
323,298
324,298
325,298
326,298
327,299
328,299
329,300
330,300
331,300
332,300
333,300
334,300
335,301
336,301
337,301
338,300
339,301
340,301
341,302
342,302
343,303
344,303
345,304
346,304
347,304
348,305
349,306
350,307
351,307
352,308
353,308
354,309
355,309
356,310
357,310
358,311
359,312
359,313
360,314
361,315
362,316
363,316
364,317
365,317
366,317
367,318
368,318
369,318
370,318
371,318
372,318
373,319
374,319
374,320
375,321
376,321
377,322
378,322
379,323
380,324
381,324
382,325
383,325
384,325
385,325
386,325
387,326
388,326
389,326
390,326
391,326
392,325
393,324
394,323
395,323
396,322
397,321
397,320
397,319
398,318
398,317
399,316
399,315
399,314
400,313
400,312
401,311
401,310
401,309
401,308
401,307
401,306
401,305
402,304
403,303
404,302
405,301
405,300
405,299
405,298
405,297
406,296
406,295
406,294
406,293
406,292
406,291
406,290
407,290
408,291
409,292
410,292
411,293
412,293
413,293
414,292
415,291
416,291
417,291
418,291
419,292
420,292
420,293
421,294
421,295
421,296
421,297
421,298
422,299
423,299
424,299
425,300
426,301
426,302
427,303
427,304
428,305
428,306
429,307
429,308
430,309
431,310
432,311
433,311
434,312
435,313
436,314
437,314
438,314
439,315
440,315
441,316
442,317
443,316
444,316
445,316
446,316
447,316
448,315
448,314
449,313
450,313
451,313
452,312
453,311
453,310
453,309
453,308
453,307
453,306
454,306
455,306
456,306
457,305
458,304
459,303
460,303
461,302
462,302
463,301
464,300
465,299
466,298
467,297
468,296
469,295
470,294
471,293
472,293
473,292
474,291
475,290
476,289
477,289
478,288
478,287
479,286
479,285
480,284
481,283
481,282
482,281
483,280
484,279
484,278
484,277
485,276
485,275
485,274
485,273
485,272
485,271
485,270
485,269
485,268
485,267
485,266
485,265
485,264
485,263
484,262
484,261
484,260
484,259
483,258
483,257
483,256
483,255
482,254
482,253
482,252
482,251
482,250
482,249
482,248
482,247
483,247
484,246
484,245
484,244
484,243
484,242
484,241
484,240
484,239
484,238
484,237
484,236
484,235
485,234
485,233
485,232
485,231
485,230
485,229
485,228
484,227
483,226
483,225
482,224
481,223
481,222
480,221
480,220
480,219
480,218
480,217
481,216
481,215
480,214
479,213
479,212
478,211
478,210
479,209
479,208
480,207
480,206
480,205
481,204
482,204
483,204
484,204
485,204
486,203
487,204
488,203
489,203
490,204
491,205
492,206
493,206
494,207
495,208
496,208
497,209
498,210
499,211
500,212
501,213
502,213
503,214
504,215
505,216
505,217
505,218
506,219
506,220
507,221
507,222
508,223
508,224
509,225
509,226
510,227
510,228
511,229
511,230
512,231
512,232
513,233
513,234
513,235
514,236
515,237
516,238
517,239
517,240
517,241
517,242
518,243
519,244
520,245
521,246
522,247
523,248
524,249
524,250
525,251
526,252
526,253
527,254
527,255
527,256
527,257
528,258
528,259
528,260
529,261
529,262
530,263
531,264
532,264
533,265
534,266
535,267
536,268
537,268
538,269
539,270
539,271
540,272
541,273
542,272
543,273
544,272
545,272
546,272
547,273
548,272
549,272
550,273
551,272
552,272
553,272
554,272
555,272
556,273
557,274
558,274
558,275
559,276
559,277
559,278
560,279
561,280
562,280
563,281
564,281
565,282
566,283
566,284
566,285
567,286
568,286
569,287
570,288
571,289
571,290
572,291
572,292
573,293
574,294
575,294
574,295
575,296
575,297
575,298
574,299
575,300
574,301
573,301
572,301
571,302
570,303
569,303
568,304
567,305
567,306
567,307
566,308
566,309
565,310
564,311
564,312
564,313
564,314
565,315
564,316
564,317
564,318
564,319
564,320
565,321
565,322
565,323
566,324
567,325
568,326
567,327
568,328
569,329
570,330
569,331
569,332
568,333
568,334
567,335
567,336
566,337
565,338
565,339
565,340
565,341
565,342
565,343
565,344
565,345
565,346
565,347
564,348
564,349
564,350
563,351
563,352
563,353
564,354
564,355
565,356
565,357
565,358
565,359
566,360
567,361
567,362
568,363
569,364
569,365
570,366
570,367
571,368
571,369
572,370
573,371
573,372
574,373
575,374
576,375
576,376
577,377
578,378
579,379
579,380
580,381
581,382
581,383
582,384
582,385
583,386
583,387
583,388
584,389
584,390
585,391
586,392
586,393
586,394
586,395
586,396
587,397
587,398
588,399
589,400
588,401
589,402
589,403
589,404
590,405
590,406
590,407
590,408
590,409
590,410
589,411
589,412
589,413
589,414
588,415
588,416
587,417
586,418
585,419
584,420
584,421
583,422
582,423
581,424
581,425
580,426
579,427
578,428
577,429
577,430
576,431
575,432
574,433
574,434
573,435
572,436
571,437
571,438
570,439
569,440
568,441
568,442
567,443
566,444
565,445
565,446
564,447
563,448
562,449
562,450
561,451
560,452
559,453
559,454
558,455
557,456
557,457
556,458
555,459
554,460
554,461
553,462
552,463
551,464
551,465
550,466
549,467
548,468
547,469
547,470
546,470
545,471
544,472
543,473
542,474
541,475
540,475
539,476
538,477
537,477
536,478
536,479
535,480
534,481
533,481
532,481
531,482
530,483
529,483
528,483
527,483
526,483
525,483
524,482
523,483
522,483
521,483
520,483
519,483
518,484
517,484
516,484
515,484
514,485
513,485
512,485
511,485
510,485
509,485
508,485
507,486
506,486
505,486
504,486
503,486
502,486
501,486
500,486
499,487
498,487
497,487
496,487
495,487
494,488
493,489
492,489
491,489
490,490
489,490
488,491
487,491
486,492
485,493
484,493
483,494
482,495
482,496
481,497
480,498
480,499
480,500
479,501
479,502
479,503
479,504
480,505
480,506
480,507
480,508
481,509
481,510
481,511
481,512
481,513
481,514
481,515
481,516
481,517
482,518
482,519
483,520
483,521
484,522
485,523
484,524
483,523
482,522
481,522
480,522
479,523
479,524
479,525
480,526
479,527
478,528
477,528
476,528
475,528
474,528
473,527
472,527
471,527
470,527
469,527
468,526
467,526
466,526
465,525
464,525
463,525
462,525
461,525
460,525
459,524
458,524
457,523
456,523
455,523
454,523
453,522
452,522
451,522
450,521
449,521
448,521
447,521
447,520
446,519
446,518
445,517
444,517
444,516
443,515
442,515
442,514
442,513
443,512
442,511
441,511
440,511
440,510
440,509
440,508
440,507
439,506
438,507
437,507
436,507
435,507
434,507
433,507
432,508
431,508
430,508
429,508
428,508
427,507
426,507
425,507
424,507
423,506
422,505
421,505
420,505
419,505
418,504
417,504
416,504
415,504
414,504
413,504
412,504
411,504
410,504
409,504
408,503
407,502
406,501
405,500
404,500
403,499
402,498
401,498
400,498
400,497
399,496
398,495
398,494
397,493
397,492
396,491
395,491
394,491
394,490
393,489
393,488
392,487
391,486
391,485
390,484
389,483
388,484
387,484
386,485
385,485
384,486
383,486
382,485
381,485
380,484
379,483
378,483
377,482
376,481
375,481
374,480
373,479
372,479
371,478
370,477
369,476
368,476
367,475
366,474
365,474
364,473
363,472
362,472
361,471
360,470
359,469
359,468
358,467
358,466
357,465
356,464
355,464
354,464
353,464
353,463
353,462
352,461
352,460
351,459
351,458
350,457
350,456
351,457
352,457
353,456
352,455
352,454
351,453
351,452
351,451
352,450
352,449
351,448
350,448
349,447
348,446
348,445
347,444
347,443
346,442
345,441
344,440
343,440
342,439
341,439
340,438
339,438
338,438
338,437
337,436
336,435
335,435
334,436
334,435
334,434
333,433
332,433
331,432
330,432
329,431
328,431
327,430
326,430
325,429
324,429
323,428
322,428
321,427
320,427
319,426
318,426
317,425
316,425
315,424
314,424
313,423
312,422
312,421
312,420
312,419
311,418
310,417
311,416
310,415
309,414
308,413
307,412
306,412
306,411
305,410
305,409
304,408
303,407
302,406
302,405
302,404
302,403
302,402
302,401
302,400
303,399
304,399
305,398
304,397
305,396
305,395
305,394
304,393
304,392
304,391
304,390
304,389
304,388
304,387
304,386
305,385
304,384
305,383
306,382
306,381
306,380
307,379
308,379
309,379
310,379
311,379
312,379
313,379
314,379
315,378
316,378
317,378
318,378
319,377
319,376
320,375
320,374
321,373
321,372
322,371
322,370
322,369
322,368
323,367
322,366
321,365
320,364
321,363
320,362
320,361
319,360
318,359
318,358
317,357
316,356
315,355
315,354
314,353
313,352
313,351
312,350
311,349
310,348
309,347
308,346
307,345
306,344
305,343
304,342
303,342
303,341
302,340
301,339
300,338
299,337
298,336
298,335
297,334
297,333
296,332
295,331
294,331
293,330
292,329
291,328
290,327
289,327
288,326
287,325
287,324
286,323
286,322
285,321
285,320
284,319
284,318
284,317
283,316
282,316
281,315
280,315
280,314
280,313
280,312
279,311
279,310
278,309
278,308
278,307
278,306
277,305
276,304
275,303
275,302
274,301
274,300
274,299
274,298
